5
19127546
Thai Tran
2001 11 09
19CLC9
1
-1
-1
-1
-1
2020 04 11 -1
2020 04 18 -1
2020 04 25 -1
2020 05 02 -1
2020 05 09 -1
2020 05 16 -1
2020 05 23 -1
2020 05 30 -1
1
19127580
Nguyen Mac Tin
2001 08 06
19CLC9
1
-1
-1
-1
-1
2020 04 11 -1
2020 04 18 -1
2020 04 25 -1
2020 05 02 -1
2020 05 09 -1
2020 05 16 -1
2020 05 23 -1
2020 05 30 -1
1
19127165
Vo Gia Huy
2001 10 02
19CLC9
1
-1
-1
-1
-1
2020 04 11 -1
2020 04 18 -1
2020 04 25 -1
2020 05 02 -1
2020 05 09 -1
2020 05 16 -1
2020 05 23 -1
2020 05 30 -1
1
19127614
Nguyen Anh Tuan
2001 12 21
19CLC9
1
-1
-1
-1
-1
2020 04 11 -1
2020 04 18 -1
2020 04 25 -1
2020 05 02 -1
2020 05 09 -1
2020 05 16 -1
2020 05 23 -1
2020 05 30 -1
1
19127024
Nguyen Thi Mai
2001 05 24
19CLC9
1
-1
-1
-1
-1
2020 04 11 -1
2020 04 18 -1
2020 04 25 -1
2020 05 02 -1
2020 05 09 -1
2020 05 16 -1
2020 05 23 -1
2020 05 30 -1
1
