5
19127024
Nguyen Thi Mai
2001 05 24
19CLC9
1
-1
-1
-1
-1
2020 04 06 -1
2020 04 13 -1
2020 04 20 -1
2020 04 27 -1
2020 05 04 -1
2020 05 11 -1
2020 05 18 -1
2020 05 25 -1
2020 06 01 -1
2020 06 08 -1
1
19127614
Nguyen Anh Tuan
2001 12 21
19CLC9
1
-1
-1
-1
-1
2020 04 06 -1
2020 04 13 -1
2020 04 20 -1
2020 04 27 -1
2020 05 04 -1
2020 05 11 -1
2020 05 18 -1
2020 05 25 -1
2020 06 01 -1
2020 06 08 -1
1
19127165
Vo Gia Huy
2001 10 02
19CLC9
1
-1
-1
-1
-1
2020 04 06 -1
2020 04 13 -1
2020 04 20 -1
2020 04 27 -1
2020 05 04 -1
2020 05 11 -1
2020 05 18 -1
2020 05 25 -1
2020 06 01 -1
2020 06 08 -1
1
19127580
Nguyen Mac Tin
2001 08 06
19CLC9
1
-1
-1
-1
-1
2020 04 06 -1
2020 04 13 -1
2020 04 20 -1
2020 04 27 -1
2020 05 04 -1
2020 05 11 -1
2020 05 18 -1
2020 05 25 -1
2020 06 01 -1
2020 06 08 -1
1
19127546
Thai Tran
2001 11 09
19CLC9
1
-1
-1
-1
-1
2020 04 06 -1
2020 04 13 -1
2020 04 20 -1
2020 04 27 -1
2020 05 04 -1
2020 05 11 -1
2020 05 18 -1
2020 05 25 -1
2020 06 01 -1
2020 06 08 -1
1
