5
19127010
Tran Van 5
2001 09 16
19CLC1
1
-1
-1
-1
-1
2020 06 03 -1
2020 06 10 -1
2020 06 17 -1
2020 06 24 -1
2020 07 01 -1
2020 07 08 -1
2020 07 15 -1
2020 07 22 -1
2020 07 29 -1
2020 08 05 -1
1
19127009
Tran Van 4
2001 09 15
19CLC1
1
-1
-1
-1
-1
2020 06 03 -1
2020 06 10 -1
2020 06 17 -1
2020 06 24 -1
2020 07 01 -1
2020 07 08 -1
2020 07 15 -1
2020 07 22 -1
2020 07 29 -1
2020 08 05 -1
1
19127008
Tran Van 3
2001 09 14
19CLC1
1
-1
-1
-1
-1
2020 06 03 -1
2020 06 10 -1
2020 06 17 -1
2020 06 24 -1
2020 07 01 -1
2020 07 08 -1
2020 07 15 -1
2020 07 22 -1
2020 07 29 -1
2020 08 05 -1
1
19127007
Tran Van 2
2001 09 13
19CLC1
1
-1
-1
-1
-1
2020 06 03 -1
2020 06 10 -1
2020 06 17 -1
2020 06 24 -1
2020 07 01 -1
2020 07 08 -1
2020 07 15 -1
2020 07 22 -1
2020 07 29 -1
2020 08 05 -1
1
19127006
Tran Van 1
2001 09 12
19CLC1
1
-1
-1
-1
-1
2020 06 03 -1
2020 06 10 -1
2020 06 17 -1
2020 06 24 -1
2020 07 01 -1
2020 07 08 -1
2020 07 15 -1
2020 07 22 -1
2020 07 29 -1
2020 08 05 -1
1
