6
19127614
Nguyen Anh Tuan
2001 12 21
19CLC2
1
10
10
10
10
2020 06 05 -1
2020 06 12 1
2020 06 19 -1
2020 06 26 -1
2020 07 03 -1
2020 07 10 -1
2020 07 17 -1
2020 07 24 -1
2020 07 31 -1
2020 08 07 -1
1
19127006
Tran Van 1
2001 09 12
19CLC1
1
9.5
9.5
9.5
9.5
2020 06 05 -1
2020 06 12 -1
2020 06 19 -1
2020 06 26 -1
2020 07 03 -1
2020 07 10 -1
2020 07 17 -1
2020 07 24 -1
2020 07 31 -1
2020 08 07 -1
1
19127007
Tran Van 2
2001 09 13
19CLC1
1
9.5
9.5
9.5
9.5
2020 06 05 -1
2020 06 12 -1
2020 06 19 -1
2020 06 26 -1
2020 07 03 -1
2020 07 10 -1
2020 07 17 -1
2020 07 24 -1
2020 07 31 -1
2020 08 07 -1
1
19127008
Tran Van 3
2001 09 14
19CLC1
1
9.5
9.5
9.5
9.5
2020 06 05 -1
2020 06 12 -1
2020 06 19 -1
2020 06 26 -1
2020 07 03 -1
2020 07 10 -1
2020 07 17 -1
2020 07 24 -1
2020 07 31 -1
2020 08 07 -1
1
19127009
Tran Van 4
2001 09 15
19CLC1
1
9.5
9.5
9.6
9.5
2020 06 05 -1
2020 06 12 -1
2020 06 19 -1
2020 06 26 -1
2020 07 03 -1
2020 07 10 -1
2020 07 17 -1
2020 07 24 -1
2020 07 31 -1
2020 08 07 -1
0
19127010
Tran Van 5
2001 09 16
19CLC1
1
9.5
9.5
9.5
9.5
2020 06 05 -1
2020 06 12 -1
2020 06 19 -1
2020 06 26 -1
2020 07 03 -1
2020 07 10 -1
2020 07 17 -1
2020 07 24 -1
2020 07 31 -1
2020 08 07 -1
1
