5
19127026
Nguyen Tuan 1
2001 02 12
19CLC5
1
-1
-1
-1
-1
2020 06 06 -1
2020 06 13 -1
2020 06 20 -1
2020 06 27 -1
2020 07 04 -1
2020 07 11 -1
2020 07 18 -1
2020 07 25 -1
2020 08 01 -1
2020 08 08 -1
1
19127027
Nguyen Tuan 2
2001 02 13
19CLC5
1
-1
-1
-1
-1
2020 06 06 -1
2020 06 13 -1
2020 06 20 -1
2020 06 27 -1
2020 07 04 -1
2020 07 11 -1
2020 07 18 -1
2020 07 25 -1
2020 08 01 -1
2020 08 08 -1
1
19127028
Nguyen Tuan 3
2001 02 14
19CLC5
1
-1
-1
-1
-1
2020 06 06 -1
2020 06 13 -1
2020 06 20 -1
2020 06 27 -1
2020 07 04 -1
2020 07 11 -1
2020 07 18 -1
2020 07 25 -1
2020 08 01 -1
2020 08 08 -1
1
19127029
Nguyen Tuan 4
2001 02 15
19CLC5
1
-1
-1
-1
-1
2020 06 06 -1
2020 06 13 -1
2020 06 20 -1
2020 06 27 -1
2020 07 04 -1
2020 07 11 -1
2020 07 18 -1
2020 07 25 -1
2020 08 01 -1
2020 08 08 -1
1
19127030
Nguyen Tuan 5
2001 02 16
19CLC5
1
-1
-1
-1
-1
2020 06 06 -1
2020 06 13 -1
2020 06 20 -1
2020 06 27 -1
2020 07 04 -1
2020 07 11 -1
2020 07 18 -1
2020 07 25 -1
2020 08 01 -1
2020 08 08 -1
1
