26
19127614
654321
Nguyen Anh Tuan
2001 12 21
19CLC2
0
1
19127015
20010316
Nguyen Anh 5
2001 03 16
19CLC2
0
1
19127014
20010315
Nguyen Anh 4
2001 03 15
19CLC2
0
1
19127013
20010314
Nguyen Anh 3
2001 03 14
19CLC2
1
1
19127012
20010313
Nguyen Anh 2
2001 03 13
19CLC2
1
1
19127011
20010312
Nguyen Anh 1
2001 03 12
19CLC2
1
1
19127777
20010301
teo1
2001 03 01
19CLC2
0
1
19127010
20010916
Tran Van 5
2001 09 16
19CLC1
0
1
19127009
20010915
Tran Van 4
2001 09 15
19CLC1
1
1
19127008
20010914
Tran Van 3
2001 09 14
19CLC1
1
1
19127007
20010913
Tran Van 2
2001 09 13
19CLC1
0
1
19127006
20010912
Tran Van 1
2001 09 12
19CLC1
1
1
19127546
654321
Thai Tran
2001 11 09
19CLC9
0
1
19127580
20010806
Nguyen Mac Tin
2001 08 06
19CLC9
0
1
19127165
20011002
Vo Gia Huy
2001 10 02
19CLC9
0
1
19127024
20010524
Nguyen Thi Mai
2001 05 24
19CLC9
1
1
19127001
20010304
Nguyen Van 1
2001 03 04
19CLC10
0
1
19127002
20010305
Nguyen Van 2
2001 03 05
19CLC10
0
1
19127003
20010306
Nguyen Van 3
2001 03 06
19CLC10
1
1
19127004
20010307
Nguyen Van 4
2001 03 07
19CLC10
1
1
19127005
20010308
Nguyen Van 5
2001 03 08
19CLC10
0
1
19127026
20010212
Nguyen Tuan 1
2001 02 12
19CLC5
0
1
19127027
20010213
Nguyen Tuan 2
2001 02 13
19CLC5
1
1
19127028
20010214
Nguyen Tuan 3
2001 02 14
19CLC5
1
1
19127029
20010215
Nguyen Tuan 4
2001 02 15
19CLC5
1
1
19127030
20010216
Nguyen Tuan 5
2001 02 16
19CLC5
0
1
